001001

000000	001  001
000001	010  010
000010	000  000
000011	001  001
000100	000  000
000101	001  001
000110	111  111
000111	000  000
001000	010  010
001001	011  011
001010	001  001
001011	010  010
001100	001  001
001101	010  010
001110	000  000
001111	001  001
010000	000  000
010001	001  001
010010	111  111
010011	000  000
010100	111  111
010101	000  000
010110	110  110
010111	111  111
011000	001  001
011001	010  010
011010	000  000
011011	001  001
011100	000  000
011101	001  001
011110	111  111
011111	000  000
100000	000  000
100001	001  001
100010	111  111
100011	000  000
100100	111  111
100101	000  000
100110	110  110
100111	111  111
101000	001  001
101001	010  010
101010	000  000
101011	001  001
101100	000  000
101101	001  001
101110	111  111
101111	000  000
110000	111  111
110001	000  000
110010	110  110
110011	111  111
110100	110  110
110101	111  111
110110	101  101
110111	110  110
111000	000  000
111001	001  001
111010	111  111
111011	000  000
111100	111  111
111101	000  000
111110	110  110
111111	111  111
